<?xml version="1.0"?>
<arts format="ascii" version="1">
<CovarianceMatrix n_blocks="3">
<Block row_index="0" column_index="0" row_start="0" row_extent="1" column_start="0" column_extent="1" is_inverse="0" type="Matrix">
<Matrix nrows="1" ncols="1">
100
</Matrix>
</Block>
<Block row_index="1" column_index="1" row_start="1" row_extent="43" column_start="1" column_extent="43" is_inverse="0" type="Matrix">
<Matrix nrows="43" ncols="43">
79.969629395645 77.6462853475556 73.528097108567 69.3103589283089 64.279505930829 57.5207934065514 49.7429322824375 42.7890841726854 36.9122395374961 32.2074552707106 28.5378753810359 25.8304749585031 23.7287394480699 21.957257173427 20.4916423010318 19.1471998946035 17.8105085780417 16.3816962998022 14.7552802967696 12.9369863510574 11.0398995897327 9.34327868569363 8.11759504216776 6.83506924507184 5.8756936513115 5.26304828765335 4.65121421558703 3.89603326702082 2.96301593268439 2.20649519061987 1.75276951618328 1.45366347050918 1.24082231457307 1.06100643682695 0.869697584566661 0.660428317372112 0.480223323028655 0.332768744136505 0.206325871817084 0.094590443303912 0.0222378219527159 0.00503703250873193 0.00199560187824517
77.6462853475556 79.6953354060662 75.46874343579 71.1394908101528 65.9713181788306 59.0236069515142 51.0262863024212 43.8752460980693 37.8313833522445 32.9924432180692 29.2175506233256 26.4310721222907 24.2669263495963 22.4423272855452 20.932205638304 19.5472125034897 18.1714073365427 16.7029295652548 15.0345047501315 13.1722081576371 11.2318828746664 9.49806833522218 8.24571691168336 6.94420746909391 5.9727285104689 5.35365206209942 4.73474903210363 3.96847284856912 3.0196635986431 2.24988319455399 1.7886325772038 1.48491039771984 1.26902004809977 1.0865552278742 0.891899326653996 0.678300915951043 0.494061707897508 0.343040245175514 0.213183623277784 0.0979903453669027 0.0230948005638152 0.00524541613571218 0.00208708650451593
73.528097108567 75.46874343579 81.4693741855552 76.7623725848979 71.1463715351082 63.6229196467453 54.981299085135 47.2517990216732 40.7162113909767 35.4775972539159 31.3837854232723 28.3514377342753 25.9902244027092 23.9972030375175 22.3452593167841 20.8322221153597 19.3353550049371 17.7474004131155 15.9564702537431 13.9687008232909 11.9069095524098 10.0682573684235 8.73844777767003 7.36882883236863 6.34539858534515 5.6905245175028 5.03592964387815 4.22680208492959 3.22473728497626 2.40974870659076 1.91924618067746 1.59496374932457 1.36382861491289 1.1684661425759 0.96031855455752 0.73185397086594 0.534434693515129 0.37224099362573 0.232304801209054 0.107451354189189 0.0256079895692714 0.00589472492635795 0.00236056396135247
69.3103589283089 71.1394908101528 76.7623725848979 86.8405940776339 80.3965101469916 71.8491015460496 62.0870907309923 53.3508402677992 45.9563251760443 40.0132968696245 35.3508381978652 31.8723525428343 29.1499343167232 26.847318204184 24.9338340428733 23.1859539684483 21.469818898727 19.669297615991 17.6652474989794 15.4627603779316 13.1954884258328 11.1791322187345 9.71522321015285 8.21545430311178 7.08558117444158 6.35133230997576 5.61950504532165 4.72562592297889 3.62431255350925 2.72444225721902 2.17555132884787 1.80798767587887 1.54348637264201 1.32005153058067 1.08433448127374 0.8275004475457 0.605502447594325 0.42289918602786 0.265138539710674 0.123751571653288 0.0301377910246152 0.00712422679914742 0.00286788037467709
64.279505930829 65.9713181788306 71.1463715351082 80.3965101469916 92.1791050192296 82.3406858792999 71.1552755705467 61.1352270812875 52.6422527203614 45.7967026106312 40.4047628653981 36.353663338671 33.1672330750786 30.4664660679308 28.2163600756939 26.165920717204 24.1670145978052 22.0921403986839 19.812862649365 17.3330941314825 14.8006077229571 12.5551805267009 10.9187944570324 9.25965181483014 8.0019469988893 7.17376133785274 6.34979333969524 5.35239380658445 4.12764562319614 3.12191837249064 2.50087570703281 2.08020045504724 1.77492296037049 1.51703194998435 1.2469088058508 0.953960028238673 0.70033954556651 0.49119642583671 0.309894433612161 0.146228881496406 0.0364524835164314 0.00886223398512693 0.00359839017290051
57.5207934065514 59.0236069515142 63.6229196467453 71.8491015460496 82.3406858792999 93.4433665717659 80.7338836876101 69.3294634617021 59.6486400506532 51.8311140488306 45.6595287417986 41.0051834383325 37.3331880251924 34.2156362849914 31.6133420004136 29.2439367101855 26.9428036139476 24.5694135043815 21.9842614732466 19.1918089102941 16.3574667524782 13.852344806617 12.0247532188744 10.2158577241862 8.85027949453742 7.95178991372909 7.05572576219032 5.96478060756561 4.61773154892944 3.50728508245776 2.82011052583688 2.35400751045202 2.01564814701548 1.72947284316636 1.42818309205348 1.09889940415883 0.812163913050274 0.574178261420428 0.365800549391407 0.174804904288381 0.044336902259648 0.0109967866132242 0.00454124937538545
49.7429322824375 51.0262863024212 54.981299085135 62.0870907309923 71.1552755705467 80.7338836876101 89.743628661864 76.9985005844491 66.1632247815535 57.4083762172437 50.4952327955703 45.2818761442401 41.1655434271183 37.6663535621224 34.7418092444553 32.0763087941192 29.4874881799959 26.8209499086155 23.9247555708451 20.8068901291696 17.6538233793189 14.8758650742196 12.8539017057134 10.9255365077241 9.49286066118376 8.56690011493176 7.63679296985624 6.47774259481768 5.02377117646306 3.82233242934559 3.08625401178611 2.59244829763252 2.23755792227461 1.93687772304233 1.61403641820472 1.25320515062861 0.935733273403246 0.669420842881961 0.432159802502999 0.209397481596004 0.0536011648233226 0.0134214041824155 0.00568514061659485
42.7890841726854 43.8752460980693 47.2517990216732 53.3508402677992 61.1352270812875 69.3294634617021 76.9985005844491 85.2930405096803 73.2137787035757 63.4483792652703 55.7372931044581 49.9264811964956 45.3360901796282 41.4284689304674 38.1582125548452 35.1726658061962 32.2696396172387 29.279317016926 26.0357563753687 22.5520234817286 19.039253545033 15.9538504208538 13.714782133719 11.6605793837426 10.163169994312 9.2177021682081 8.2597441196573 7.0311923799971 5.46099765141236 4.16061128806069 3.37419005433368 2.85436864192903 2.48603528857108 2.17360147407234 1.82978644691268 1.43493020936885 1.08347519825006 0.785180145007435 0.514178317101339 0.252801164732288 0.0652529019004725 0.0164714450610894 0.00717415199121757
36.9122395374961 37.8313833522445 40.7162113909767 45.9563251760443 52.6422527203614 59.6486400506532 66.1632247815535 73.2137787035757 80.8613133238324 70.0140060235813 61.4482673984865 54.9994972263528 49.9026609237923 45.5570168376252 41.9147715217487 38.582605460514 35.3365665416308 31.9899648792642 28.3614270950323 24.4704994262124 20.5564902614926 17.1283778094016 14.6483685989449 12.4574961114154 10.892522280147 9.93061092719867 8.94666266947974 7.64381396066262 5.94510329937989 4.53508644839082 3.69445566923352 3.14825942636121 2.76795800743002 2.44532237870194 2.08019564896152 1.64805903770072 1.25875722403286 0.924333399198295 0.614202178276621 0.306516488053385 0.0797873162913966 0.0202998910512271 0.00909905294560434
32.2074552707106 32.9924432180692 35.4775972539159 40.0132968696245 45.7967026106312 51.8311140488306 57.4083762172437 63.4483792652703 70.0140060235813 77.7163404512453 68.1733232851389 60.988970593904 55.3043420625562 50.4481129520997 46.3704289045841 42.632092410373 38.9847254933585 35.2226836581243 31.1474172091554 26.7855664427057 22.4086167422729 18.5847255163133 15.8246551291958 13.4671027064995 11.813000785622 10.8210935265531 9.79748027204894 8.40149019848785 6.54789084329096 5.00496597486055 4.0958391026903 3.51412573114761 3.1160103483573 2.77862870085196 2.38652706717861 1.90907140766315 1.47407327008529 1.09616091453097 0.738761819457671 0.374307567707581 0.098527215522834 0.0253525090401546 0.0116789686484606
28.5378753810359 29.2175506233256 31.3837854232723 35.3508381978652 40.4047628653981 45.6595287417986 50.4952327955703 55.7372931044581 61.4482673984865 68.1733232851389 76.3518935901701 68.2888541524675 61.8956440586441 56.4212797580983 51.8141674705531 47.5827714102609 43.4510667977225 39.1918751040611 34.5874694164491 29.6715902053439 24.7524017469718 20.4640994351537 17.3715852468655 14.8039092975377 13.0265356245903 11.9799787395257 10.8924502527179 9.37447475097581 7.32906479437938 5.62032712451923 4.62051340583708 3.98747966760774 3.56012971661601 3.19874359248301 2.76971597163456 2.23480402636776 1.74269695825028 1.31093262086708 0.89537336736 0.46066248801851 0.123102325516359 0.0322031801468085 0.0152075163638299
25.8304749585031 26.4310721222907 28.3514377342753 31.8723525428343 36.353663338671 41.0051834383325 45.2818761442401 49.9264811964956 54.9994972263528 60.988970593904 68.2888541524675 77.6135915757213 70.3172048243404 64.051844320823 58.7644333362892 53.9025047335138 49.1582547415698 44.2795620863225 39.0271521121902 33.4405803104219 27.8698219241495 23.0218586662939 19.5213410109146 16.6762731578791 14.7186720270142 13.5721056527624 12.3766605871262 10.6897207044261 8.39715038928741 6.4728189023903 5.34568297506623 4.63292371973182 4.15402880369621 3.74999100811089 3.26566440309307 2.65346791908216 2.08624206986883 1.58478728380628 1.0954613702682 0.572365099669384 0.156184076317085 0.041866296100807 0.0201821024333987
23.7287394480699 24.2669263495963 25.9902244027092 29.1499343167232 33.1672330750786 37.3331880251924 41.1655434271183 45.3360901796282 49.9026609237923 55.3043420625562 61.8956440586441 70.3172048243404 80.242150172292 73.0495065977686 66.9613607562844 61.3576760439119 55.8956888411625 50.2956753237786 44.2949258648081 37.9380702531443 31.6216144776878 26.1317181095501 22.1581017973197 18.9841033850208 16.8046942565444 15.5260774678487 14.1910644668029 12.2991446067617 9.71453628029256 7.53369766225352 6.2497607052629 5.43484347961891 4.88709678840087 4.42593738370794 3.87139878437735 3.16472929261149 2.50628271704906 1.92054908115297 1.34233808063729 0.712107621136525 0.198944589433827 0.054840760315057 0.0269203760977662
21.957257173427 22.4423272855452 23.9972030375175 26.847318204184 30.4664660679308 34.2156362849914 37.6663535621224 41.4284689304674 45.5570168376252 50.4481129520997 56.4212797580983 64.051844320823 73.0495065977686 83.3755830009477 76.3766255419892 69.9273776839936 63.6468069486859 57.2248341621708 50.3731612889378 43.1415874202499 35.9789274113464 29.759200841182 25.2444170062446 21.6952003631608 19.2605456589756 17.8269941038141 16.3288541184767 14.2006208094486 11.2805615098795 8.80338320969297 7.33583186921595 6.39963372319032 5.7691883272007 5.23946658714546 4.60168247702736 3.78356696946901 3.01732977206511 2.33175239457266 1.64751084968953 0.887410254991251 0.254062163322884 0.0721020795930474 0.0360199287418043
20.4916423010318 20.932205638304 22.3452593167841 24.9338340428733 28.2163600756939 31.6133420004136 34.7418092444553 38.1582125548452 41.9147715217487 46.3704289045841 51.8141674705531 58.7644333362892 66.9613607562844 76.3766255419892 87.0199991369122 79.6229555938093 72.4245224262447 65.0818565790791 57.2792589368837 49.0715032136452 40.96508128159 33.9295869119456 28.8058322396359 24.8351467958626 22.1109149095587 20.4977954786568 18.8113464720243 16.4146163454888 13.1153474120744 10.3012195689335 8.62177780246908 7.54347141268308 6.81479678065859 6.20358522165509 5.46824267569524 4.5205135693297 3.62878203373878 2.82673627716028 2.01811624841028 1.10341662765803 0.323908334937147 0.0946980183418801 0.0481009354996531
19.1471998946035 19.5472125034897 20.8322221153597 23.1859539684483 26.165920717204 29.2439367101855 32.0763087941192 35.1726658061962 38.582605460514 42.632092410373 47.5827714102609 53.9025047335138 61.3576760439119 69.9273776839936 79.6229555938093 90.2375458660316 82.0473025437151 73.7046463864631 64.8644586269745 55.5878222233715 46.4452688367818 38.5125257332361 32.7180684160007 28.2934913703264 25.2619973948678 23.4621267415624 21.5783109277514 18.8925505372903 15.1782161272378 11.9935508354447 10.0823088906766 8.84982590092994 8.01597308891624 7.31805178965928 6.47685804542872 5.38496702127612 4.35240404913273 3.41855495789893 2.46665569200186 1.36890006666577 0.411563358007644 0.123760214663857 0.0639647161881538
17.8105085780417 18.1714073365427 19.3353550049371 21.469818898727 24.1670145978052 26.9428036139476 29.4874881799959 32.2696396172387 35.3365665416308 38.9847254933585 43.4510667977225 49.1582547415698 55.8956888411625 63.6468069486859 72.4245224262447 82.0473025437151 92.0209739039891 82.6512303564576 72.7309214257097 62.330869993528 52.0919764691885 43.2085237944456 36.7070324486776 31.8247253953204 28.4973949304763 26.5317123866049 24.4682932105125 21.495696063128 17.3508193130127 13.7805187560052 11.6352874963079 10.2534138149697 9.3231700230667 8.54754415764293 7.60454996642226 6.36376006801799 5.18300352547501 4.10822067174705 2.99785985030804 1.6884942481288 0.518363669942075 0.159698239717618 0.084150315979794
16.3816962998022 16.7029295652548 17.7474004131155 19.669297615991 22.0921403986839 24.5694135043815 26.8209499086155 29.279317016926 31.9899648792642 35.2226836581243 39.1918751040611 44.2795620863225 50.2956753237786 57.2248341621708 65.0818565790791 73.7046463864631 82.6512303564576 91.1799006792813 80.2102644034639 68.6968639034594 57.3568697011577 47.5180000353892 40.3171711882231 35.0175405092823 31.44986769483 29.3819083223671 27.1977194482915 23.9761540108105 19.4184126510959 15.4779568215665 13.125654788713 11.6268624636654 10.6349503193735 9.81431110632785 8.79468090639261 7.41795217902483 6.09663988655898 4.8840820857427 3.6087200413716 2.06255925271075 0.643185952390078 0.20166771262136 0.108705682218695
14.7552802967696 15.0345047501315 15.9564702537431 17.6652474989794 19.812862649365 21.9842614732466 23.9247555708451 26.0357563753687 28.3614270950323 31.1474172091554 34.5874694164491 39.0271521121902 44.2949258648081 50.3731612889378 57.2792589368837 64.8644586269745 72.7309214257097 80.2102644034639 86.0009661364729 73.5145160574519 61.1838609458991 50.4866648124784 42.6837625799625 37.0881200840612 33.4125242197851 31.3782123400383 29.2026798370528 25.8345086347289 20.9456515388721 16.710057668442 14.2318351569136 12.6989220267277 11.7265166211892 10.9360256733252 9.90396710610036 8.43916835707112 7.01561315506965 5.69460673762735 4.2685905348965 2.47485959761828 0.776888232635689 0.245052417436176 0.135891682271023
12.9369863510574 13.1722081576371 13.9687008232909 15.4627603779316 17.3330941314825 19.1918089102941 20.8068901291696 22.5520234817286 24.4704994262124 26.7855664427057 29.6715902053439 33.4405803104219 37.9380702531443 43.1415874202499 49.0715032136452 55.5878222233715 62.330869993528 68.6968639034594 73.5145160574519 76.2591640264256 63.0829666616597 51.656118935412 43.3819357644863 37.6420789920242 34.0248086796705 32.1977229716058 30.1972691888306 26.814094792815 21.6990617076503 17.2662143517464 14.7703086832647 13.3153602975157 12.4737291268797 11.8176846168615 10.8637549858623 9.38030758148589 7.91181170253062 6.52806147005457 4.97704742092443 2.92718283651785 0.915593440809657 0.286469087709075 0.164735528963555
11.0398995897327 11.2318828746664 11.9069095524098 13.1954884258328 14.8006077229571 16.3574667524782 17.6538233793189 19.039253545033 20.5564902614926 22.4086167422729 24.7524017469718 27.8698219241495 31.6216144776878 35.9789274113464 40.96508128159 46.4452688367818 52.0919764691885 57.3568697011577 61.1838609458991 63.0829666616597 62.5256509516202 50.5594923694652 41.996586262435 36.29448490119 32.9251666448856 31.4995120999322 29.8627280855114 26.6208894841394 21.4140961040516 16.9103015584121 14.5295864045035 13.287589585109 12.7098954546227 12.3141146979296 11.5510205205533 10.1409740684869 8.70677559555437 7.32671812387092 5.69530691645585 3.39656864820587 1.0461828122483 0.318759227658214 0.191969241496462
9.34327868569363 9.49806833522218 10.0682573684235 11.1791322187345 12.5551805267009 13.852344806617 14.8758650742196 15.9538504208538 17.1283778094016 18.5847255163133 20.4640994351537 23.0218586662939 26.1317181095501 29.759200841182 33.9295869119456 38.5125257332361 43.2085237944456 47.5180000353892 50.4866648124784 51.656118935412 50.5594923694652 48.4902785855491 39.7024419553812 34.1009818234583 31.0547894608257 30.1194155375788 28.9339521572555 25.8979584861554 20.6419252895316 16.1090835051636 13.9026176799297 12.9430147986292 12.7049316285381 12.6453316235665 12.1414826248292 10.8575063277875 9.50372191182434 8.16716842128998 6.47821104707753 3.91672159546628 1.18175666953906 0.34645586743639 0.220054855248275
8.11759504216776 8.24571691168336 8.73844777767003 9.71522321015285 10.9187944570324 12.0247532188744 12.8539017057134 13.714782133719 14.6483685989449 15.8246551291958 17.3715852468655 19.5213410109146 22.1581017973197 25.2444170062446 28.8058322396359 32.7180684160007 36.7070324486776 40.3171711882231 42.6837625799625 43.3819357644863 41.996586262435 39.7024419553812 38.6071541956029 32.9758514496814 30.1433601738489 29.6136683889538 28.7986709944783 25.8788525848893 20.4613414551918 15.7966646489189 13.692803676412 12.9651918165416 13.0335866598434 13.2882773450954 13.0226694931123 11.8362356889373 10.5377932179267 9.22420275173767 7.44983899675382 4.56570081316515 1.35979233402458 0.386617667263286 0.25789689811064
6.83506924507184 6.94420746909391 7.36882883236863 8.21545430311178 9.25965181483014 10.2158577241862 10.9255365077241 11.6605793837426 12.4574961114154 13.4671027064995 14.8039092975377 16.6762731578791 18.9841033850208 21.6952003631608 24.8351467958626 28.2934913703264 31.8247253953204 35.0175405092823 37.0881200840612 37.6420789920242 36.29448490119 34.1009818234583 32.9758514496814 33.7360990549659 30.8740603668864 30.5291935086383 29.8662757841191 26.8671163071345 21.1138670134291 16.1709927522118 14.0313420801392 13.3972678025615 13.6310697143245 14.0604089801668 13.9061382175395 12.7208775453033 11.3980147255942 10.0434626829414 8.15855713940258 5.01339927529709 1.4749946220201 0.409457502374739 0.278798193926303
5.8756936513115 5.9727285104689 6.34539858534515 7.08558117444158 8.0019469988893 8.85027949453742 9.49286066118376 10.163169994312 10.892522280147 11.813000785622 13.0265356245903 14.7186720270142 16.8046942565444 19.2605456589756 22.1109149095587 25.2619973948678 28.4973949304763 31.44986769483 33.4125242197851 34.0248086796705 32.9251666448856 31.0547894608257 30.1433601738489 30.8740603668864 34.3697801647724 33.9581090227321 33.1964251778037 29.8609859542445 23.4884267758417 18.011285652746 15.627671365321 14.9060218679007 15.1431330004274 15.5976221733167 15.4099336844762 14.0868816162082 12.6138273770316 11.1077220179442 9.01877917019997 5.54198913529002 1.63383963904803 0.455243361109043 0.309273004596034
5.26304828765335 5.35365206209942 5.6905245175028 6.35133230997576 7.17376133785274 7.95178991372909 8.56690011493176 9.2177021682081 9.93061092719867 10.8210935265531 11.9799787395257 13.5721056527624 15.5260774678487 17.8269941038141 20.4977954786568 23.4621267415624 26.5317123866049 29.3819083223671 31.3782123400383 32.1977229716058 31.4995120999322 30.1194155375788 29.6136683889538 30.5291935086383 33.9581090227321 40.9900862746205 39.7912338649525 35.7716933610876 28.388407078703 22.0172777168781 19.0981506776248 18.0390227922878 18.0614202637531 18.3448158984386 17.9333001361477 16.2826180329139 14.4859874161028 12.6747194427277 10.241341782084 6.29309681478527 1.89377166842529 0.547183628836595 0.36367612651143
4.65121421558703 4.73474903210363 5.03592964387815 5.61950504532165 6.34979333969524 7.05572576219032 7.63679296985624 8.2597441196573 8.94666266947974 9.79748027204894 10.8924502527179 12.3766605871262 14.1910644668029 16.3288541184767 18.8113464720243 21.5783109277514 24.4682932105125 27.1977194482915 29.2026798370528 30.1972691888306 29.8627280855114 28.9339521572555 28.7986709944783 29.8662757841191 33.1964251778037 39.7912338649525 48.1129858986315 43.2288621119565 34.5861027387733 27.0989934811575 23.5002544527343 22.0031621430905 21.7382830049375 21.789471885831 21.0838765837625 19.0157269540007 16.808856371323 14.6121428034098 11.7485377850976 7.21906141714448 2.21773666059391 0.66329344152388 0.431886362442773
3.89603326702082 3.96847284856912 4.22680208492959 4.72562592297889 5.35239380658445 5.96478060756561 6.47774259481768 7.0311923799971 7.64381396066262 8.40149019848785 9.37447475097581 10.6897207044261 12.2991446067617 14.2006208094486 16.4146163454888 18.8925505372903 21.495696063128 23.9761540108105 25.8345086347289 26.814094792815 26.6208894841394 25.8979584861554 25.8788525848893 26.8671163071345 29.8609859542445 35.7716933610876 43.2288621119565 48.784692237967 39.0585412766602 30.6299558146164 26.5617424949317 24.8509762828406 24.5234670899371 24.552712089747 23.7360366543677 21.3949025683785 18.9009059085542 16.4210983239636 13.1970036244809 8.10907426948041 2.49582823672479 0.74874062457246 0.486648403796599
2.96301593268439 3.0196635986431 3.22473728497626 3.62431255350925 4.12764562319614 4.61773154892944 5.02377117646306 5.46099765141236 5.94510329937989 6.54789084329096 7.32906479437938 8.39715038928741 9.71453628029256 11.2805615098795 13.1153474120744 15.1782161272378 17.3508193130127 19.4184126510959 20.9456515388721 21.6990617076503 21.4140961040516 20.6419252895316 20.4613414551918 21.1138670134291 23.4884267758417 28.388407078703 34.5861027387733 39.0585412766602 39.8221215405572 30.8276423818384 26.7416282631516 25.2990207297037 25.3913413236209 25.8501779842764 25.3154937791708 23.0118843013041 20.4953955953521 17.9525396600091 14.5180366455071 8.92107591886978 2.67515912055941 0.768265638171142 0.512482205463758
2.20649519061987 2.24988319455399 2.40974870659076 2.72444225721902 3.12191837249064 3.50728508245776 3.82233242934559 4.16061128806069 4.53508644839082 5.00496597486055 5.62032712451923 6.4728189023903 7.53369766225352 8.80338320969297 10.3012195689335 11.9935508354447 13.7805187560052 15.4779568215665 16.710057668442 17.2662143517464 16.9103015584121 16.1090835051636 15.7966646489189 16.1709927522118 18.011285652746 22.0172777168781 27.0989934811575 30.6299558146164 30.8276423818384 30.7446198211262 26.6806565440962 25.6066931912593 26.2500105889944 27.2686022312347 27.110649693426 24.8820079246344 22.3639407738961 19.7664732398197 16.0935181554484 9.8895104624776 2.88119589782674 0.785391687008647 0.540749100769219
1.75276951618328 1.7886325772038 1.91924618067746 2.17555132884787 2.50087570703281 2.82011052583688 3.08625401178611 3.37419005433368 3.69445566923352 4.0958391026903 4.62051340583708 5.34568297506623 6.2497607052629 7.33583186921595 8.62177780246908 10.0823088906766 11.6352874963079 13.125654788713 14.2318351569136 14.7703086832647 14.5295864045035 13.9026176799297 13.692803676412 14.0313420801392 15.627671365321 19.0981506776248 23.5002544527343 26.5617424949317 26.7416282631516 26.6806565440962 30.9431696302853 29.6870317249519 30.4171371317365 31.5821924717275 31.3881130236022 28.8014002863913 25.8812578677204 22.8705700822053 18.617965954093 11.4407818747929 3.33534363328287 0.910318619878149 0.626285587888559
1.45366347050918 1.48491039771984 1.59496374932457 1.80798767587887 2.08020045504724 2.35400751045202 2.59244829763252 2.85436864192903 3.14825942636121 3.51412573114761 3.98747966760774 4.63292371973182 5.43484347961891 6.39963372319032 7.54347141268308 8.84982590092994 10.2534138149697 11.6268624636654 12.6989220267277 13.3153602975157 13.287589585109 12.9430147986292 12.9651918165416 13.3972678025615 14.9060218679007 18.0390227922878 22.0031621430905 24.8509762828406 25.2990207297037 25.6066931912593 29.6870317249519 38.6632980006655 38.8995220698034 39.6966194189716 38.9457909673021 35.443110738419 31.6023017466231 27.7120770650298 22.4292597489107 13.7824390837113 4.1183374012408 1.17545059874746 0.787014553392743
1.24082231457307 1.26902004809977 1.36382861491289 1.54348637264201 1.77492296037049 2.01564814701548 2.23755792227461 2.48603528857108 2.76795800743002 3.1160103483573 3.56012971661601 4.15402880369621 4.88709678840087 5.7691883272007 6.81479678065859 8.01597308891624 9.3231700230667 10.6349503193735 11.7265166211892 12.4737291268797 12.7098954546227 12.7049316285381 13.0335866598434 13.6310697143245 15.1431330004274 18.0614202637531 21.7382830049375 24.5234670899371 25.3913413236209 26.2500105889944 30.4171371317365 38.8995220698034 54.014518986699 53.6168501871559 51.4828555917019 46.1965633371126 40.6324602299083 35.143879939672 28.1464466544885 17.2946613285898 5.3990987808494 1.65666758801031 1.06258929600013
1.06100643682695 1.0865552278742 1.1684661425759 1.32005153058067 1.51703194998435 1.72947284316636 1.93687772304233 2.17360147407234 2.44532237870194 2.77862870085196 3.19874359248301 3.74999100811089 4.42593738370794 5.23946658714546 6.20358522165509 7.31805178965928 8.54754415764293 9.81431110632785 10.9360256733252 11.8176846168615 12.3141146979296 12.6453316235665 13.2882773450954 14.0604089801668 15.5976221733167 18.3448158984386 21.789471885831 24.552712089747 25.8501779842764 27.2686022312347 31.5821924717275 39.6966194189716 53.6168501871559 76.0473910826886 71.3012662110901 62.9508270071222 54.4810065958003 46.3367300052896 36.6236283379122 22.501998012476 7.40693704768186 2.45571156693581 1.50650185876026
0.869697584566661 0.891899326653996 0.96031855455752 1.08433448127374 1.2469088058508 1.42818309205348 1.61403641820472 1.82978644691268 2.08019564896152 2.38652706717861 2.76971597163456 3.26566440309307 3.87139878437735 4.60168247702736 5.46824267569524 6.47685804542872 7.60454996642226 8.79468090639261 9.90396710610036 10.8637549858623 11.5510205205533 12.1414826248292 13.0226694931123 13.9061382175395 15.4099336844762 17.9333001361477 21.0838765837625 23.7360366543677 25.3154937791708 27.110649693426 31.3881130236022 38.9457909673021 51.4828555917019 71.3012662110901 101.291274047263 88.1443464851681 75.1589581030309 62.9117401288515 49.0857679982102 30.1569065537432 10.4343299159038 3.68988695052744 2.18365838565966
0.660428317372112 0.678300915951043 0.73185397086594 0.8275004475457 0.953960028238673 1.09889940415883 1.25320515062861 1.43493020936885 1.64805903770072 1.90907140766315 2.23480402636776 2.65346791908216 3.16472929261149 3.78356696946901 4.5205135693297 5.38496702127612 6.36376006801799 7.41795217902483 8.43916835707112 9.38030758148589 10.1409740684869 10.8575063277875 11.8362356889373 12.7208775453033 14.0868816162082 16.2826180329139 19.0157269540007 21.3949025683785 23.0118843013041 24.8820079246344 28.8014002863913 35.443110738419 46.1965633371126 62.9508270071222 88.1443464851681 124.389828512343 104.893468527691 86.7325544286132 66.9865606874773 41.1524948531387 14.7906001615667 5.46871167175771 3.15882806225844
0.480223323028655 0.494061707897508 0.534434693515129 0.605502447594325 0.70033954556651 0.812163913050274 0.935733273403246 1.08347519825006 1.25875722403286 1.47407327008529 1.74269695825028 2.08624206986883 2.50628271704906 3.01732977206511 3.62878203373878 4.35240404913273 5.18300352547501 6.09663988655898 7.01561315506965 7.91181170253062 8.70677559555437 9.50372191182434 10.5377932179267 11.3980147255942 12.6138273770316 14.4859874161028 16.808856371323 18.9009059085542 20.4953955953521 22.3639407738961 25.8812578677204 31.6023017466231 40.6324602299083 54.4810065958003 75.1589581030309 104.893468527691 154.855980612564 126.32407647577 96.4477684647386 59.2481362064373 22.2031500670433 8.58732143228762 4.84261954677001
0.332768744136505 0.343040245175514 0.37224099362573 0.42289918602786 0.49119642583671 0.574178261420428 0.669420842881961 0.785180145007435 0.924333399198295 1.09616091453097 1.31093262086708 1.58478728380628 1.92054908115297 2.33175239457266 2.82673627716028 3.41855495789893 4.10822067174705 4.8840820857427 5.69460673762735 6.52806147005457 7.32671812387092 8.16716842128998 9.22420275173767 10.0434626829414 11.1077220179442 12.6747194427277 14.6121428034098 16.4210983239636 17.9525396600091 19.7664732398197 22.8705700822053 27.7120770650298 35.143879939672 46.3367300052896 62.9117401288515 86.7325544286132 126.32407647577 199.038156608046 149.891455325051 92.0720875786883 36.2106911985007 14.6855344163749 8.07910598351889
0.206325871817084 0.213183623277784 0.232304801209054 0.265138539710674 0.309894433612161 0.365800549391407 0.432159802502999 0.514178317101339 0.614202178276621 0.738761819457671 0.89537336736 1.0954613702682 1.34233808063729 1.64751084968953 2.01811624841028 2.46665569200186 2.99785985030804 3.6087200413716 4.2685905348965 4.97704742092443 5.69530691645585 6.47821104707753 7.44983899675382 8.15855713940258 9.01877917019997 10.241341782084 11.7485377850976 13.1970036244809 14.5180366455071 16.0935181554484 18.617965954093 22.4292597489107 28.1464466544885 36.6236283379122 49.0857679982102 66.9865606874773 96.4477684647386 149.891455325051 248.632840666931 152.714757976694 62.6394987698952 26.3838677519631 14.2368597737894
0.094590443303912 0.0979903453669027 0.107451354189189 0.123751571653288 0.146228881496406 0.174804904288381 0.209397481596004 0.252801164732288 0.306516488053385 0.374307567707581 0.46066248801851 0.572365099669384 0.712107621136525 0.887410254991251 1.10341662765803 1.36890006666577 1.6884942481288 2.06255925271075 2.47485959761828 2.92718283651785 3.39656864820587 3.91672159546628 4.56570081316515 5.01339927529709 5.54198913529002 6.29309681478527 7.21906141714448 8.10907426948041 8.92107591886978 9.8895104624776 11.4407818747929 13.7824390837113 17.2946613285898 22.501998012476 30.1569065537432 41.1524948531387 59.2481362064373 92.0720875786883 152.714757976694 248.928593621713 102.126390084759 43.024034163941 23.2137276631371
0.0222378219527159 0.0230948005638152 0.0256079895692714 0.0301377910246152 0.0364524835164314 0.044336902259648 0.0536011648233226 0.0652529019004725 0.0797873162913966 0.098527215522834 0.123102325516359 0.156184076317085 0.198944589433827 0.254062163322884 0.323908334937147 0.411563358007644 0.518363669942075 0.643185952390078 0.776888232635689 0.915593440809657 1.0461828122483 1.18175666953906 1.35979233402458 1.4749946220201 1.63383963904803 1.89377166842529 2.21773666059391 2.49582823672479 2.67515912055941 2.88119589782674 3.33534363328287 4.1183374012408 5.3990987808494 7.40693704768186 10.4343299159038 14.7906001615667 22.2031500670433 36.2106911985007 62.6394987698952 102.126390084759 114.0552572246 41.3948355180916 24.1519353593435
0.00503703250873193 0.00524541613571218 0.00589472492635795 0.00712422679914742 0.00886223398512693 0.0109967866132242 0.0134214041824155 0.0164714450610894 0.0202998910512271 0.0253525090401546 0.0322031801468085 0.041866296100807 0.054840760315057 0.0721020795930474 0.0946980183418801 0.123760214663857 0.159698239717618 0.20166771262136 0.245052417436176 0.286469087709075 0.318759227658214 0.34645586743639 0.386617667263286 0.409457502374739 0.455243361109043 0.547183628836595 0.66329344152388 0.74874062457246 0.768265638171142 0.785391687008647 0.910318619878149 1.17545059874746 1.65666758801031 2.45571156693581 3.68988695052744 5.46871167175771 8.58732143228762 14.6855344163749 26.3838677519631 43.024034163941 41.3948355180916 45.1673562354487 29.6502094574423
0.00199560187824517 0.00208708650451593 0.00236056396135247 0.00286788037467709 0.00359839017290051 0.00454124937538545 0.00568514061659485 0.00717415199121757 0.00909905294560434 0.0116789686484606 0.0152075163638299 0.0201821024333987 0.0269203760977662 0.0360199287418043 0.0481009354996531 0.0639647161881538 0.084150315979794 0.108705682218695 0.135891682271023 0.164735528963555 0.191969241496462 0.220054855248275 0.25789689811064 0.278798193926303 0.309273004596034 0.36367612651143 0.431886362442773 0.486648403796599 0.512482205463758 0.540749100769219 0.626285587888559 0.787014553392743 1.06258929600013 1.50650185876026 2.18365838565966 3.15882806225844 4.84261954677001 8.07910598351889 14.2368597737894 23.2137276631371 24.1519353593435 29.6502094574423 76.4179797834806
</Matrix>
</Block>
<Block row_index="2" column_index="2" row_start="44" row_extent="43" column_start="44" column_extent="43" is_inverse="0" type="Matrix">
<Matrix nrows="43" ncols="43">
1 0.972615193871554 0.910908708273637 0.831008525558527 0.746790339752563 0.663396570547241 0.586199721244896 0.517831210123837 0.459019127953241 0.408501216715518 0.365117673317774 0.327832808585587 0.296217163457795 0.268844820748295 0.245424131799139 0.224986988535197 0.207110251796874 0.191431390932018 0.177805957127077 0.16561590303148 0.154951091191626 0.145466065366658 0.136917106305571 0.117554863750496 0.0974730913921554 0.0798161249418727 0.0641526175459288 0.051386575690113 0.0401345636473266 0.0307235338714136 0.0229872346621073 0.0166548987071318 0.0116151004855932 0.00850072666410056 0.00599755358193247 0.00403962412685022 0.00255627635233157 0.00149085778618783 0.000784861232851481 0.000359497394194343 0.000143266556806711 5.03151854278838e-05 1.59507672052795e-05
0.972615193871554 1 0.936541797854156 0.85434405693356 0.767668747203918 0.681807201708967 0.602296957882299 0.531858633731564 0.47125277777674 0.419186734889676 0.374470611381766 0.336040333239967 0.303455143887544 0.275246224216764 0.251113140799988 0.230058036527852 0.211644513087362 0.19549853972886 0.181470613528108 0.168923733596272 0.157949725456385 0.148192422526345 0.139400564425096 0.119720712261867 0.0993210885024848 0.0813746946892989 0.0654449378156947 0.0524537604405867 0.0409957363579658 0.0314054811557044 0.0235157276026626 0.0170523277811521 0.0119034229119081 0.00872075419163033 0.00615998145766131 0.00415452122368765 0.00263301500650217 0.00153838816918234 0.000811625527496561 0.000372729801116444 0.000148998257568167 5.25118438777929e-05 1.67113108031646e-05
0.910908708273637 0.936541797854156 1 0.912154798399859 0.819429825828821 0.727481821750396 0.642256115724259 0.566696028095151 0.501645277497172 0.445738455047451 0.397713006182042 0.356435871038765 0.321439359450921 0.291148767267021 0.265242357736332 0.242648602736582 0.222898336626283 0.205589052453415 0.190558760710231 0.177123315560277 0.165379457256482 0.154944356248112 0.145547975036914 0.125085043785155 0.103902278156165 0.085242072239097 0.0686549720432264 0.0551073413500063 0.0431395349466039 0.0331052168578825 0.0248347328478483 0.0180456714116995 0.0126252191959748 0.00927255378646561 0.00656814366114372 0.00444389879875778 0.00282679515054399 0.00165878342273289 0.000879669958110039 0.000406522454202369 0.000163713322105395 5.81853790243255e-05 1.86886718759582e-05
0.831008525558527 0.85434405693356 0.912154798399859 1 0.898186183448905 0.797065931847097 0.703200883609913 0.619876997260953 0.54807158592452 0.486315535521869 0.433240999056594 0.38761375900783 0.348928124775353 0.31544966718163 0.286825594942089 0.261872571914574 0.24007190746458 0.220977900806862 0.204409720406327 0.189611076775064 0.176686351367384 0.165211854453309 0.154888761956766 0.133244178603383 0.110881023639136 0.0911430961433827 0.0735617211104084 0.0591708092230559 0.0464288920431098 0.0357187782755152 0.026867514361229 0.0195804035106849 0.0137434883722215 0.0101300560112016 0.00720461724587958 0.00489690616886171 0.00313152166290755 0.00184911953500189 0.000987926733723921 0.000460701786326868 0.00018752123817676 6.7460205827101e-05 2.19581145636861e-05
0.746790339752563 0.767668747203918 0.819429825828821 0.898186183448905 1 0.887184457501796 0.782258205236518 0.688955744565884 0.608438805504912 0.539116307489125 0.479493543606696 0.428212332658743 0.384723252805893 0.347088037482988 0.314916307294796 0.286880836702371 0.262399611759981 0.240971424496149 0.22239145512577 0.205809454462921 0.191340048081597 0.178506227936218 0.166971584363414 0.143812458727475 0.119938575874645 0.0988182602169544 0.0799584983053201 0.0644806350226046 0.0507382996563641 0.0391523228675507 0.029546024988617 0.0216092672806559 0.0152271235632437 0.011272242966599 0.00805619968717704 0.00550609921678586 0.00354372509362075 0.0021083761617185 0.00113660347566547 0.000535860382509021 0.000220940894135127 8.06558274615272e-05 2.66789174996063e-05
0.663396570547241 0.681807201708967 0.727481821750396 0.797065931847097 0.887184457501796 1 0.881436846372693 0.775773269629507 0.684418113000528 0.605646211369856 0.537818649333939 0.479433095062726 0.42989408357182 0.387013228702853 0.350357446524044 0.31842107404697 0.290544301344762 0.266157282017683 0.24502597704204 0.226181764557594 0.209752770290107 0.195194660029529 0.182123525889886 0.157086140179688 0.131341810868972 0.108505458343115 0.0880542972035964 0.0712193537093732 0.0562240931048678 0.0435374696068535 0.0329789131214241 0.0242195730136849 0.0171440536829377 0.0127549199960824 0.00916749510714636 0.00630585368161249 0.00408863294577728 0.00245390826392234 0.00133669245935071 0.000638212691941815 0.000267091544081512 9.91696961688077e-05 3.34187962184163e-05
0.586199721244896 0.602296957882299 0.642256115724259 0.703200883609913 0.782258205236518 0.881436846372693 1 0.879798512493252 0.775630811293857 0.685637009504853 0.608026418905485 0.541140395137499 0.484341027931293 0.435149319365965 0.393087759932203 0.356440709738203 0.324457983168781 0.296489351122955 0.272267327462312 0.250681205926933 0.231876363034367 0.215227441232556 0.200293312117739 0.173032283027889 0.145077459980851 0.12020710631887 0.0978637006541875 0.0794097726953161 0.0629145518641595 0.0489052479994432 0.0371976483681075 0.0274413212567789 0.0195212945632642 0.0146033069676107 0.0105611356571205 0.00731556132777206 0.00478196426896886 0.00289760676152188 0.0015964459768739 0.000772861884656839 0.000328762621727381 0.000124354256555083 4.27681570805273e-05
0.517831210123837 0.531858633731564 0.566696028095151 0.619876997260953 0.688955744565884 0.775773269629507 0.879798512493252 1 0.881274273160921 0.778462919020339 0.68962622818762 0.612945962449489 0.547751689448659 0.491240967859763 0.442894079671581 0.400758255668461 0.363982956721677 0.331827835130538 0.303989110712454 0.279191776385674 0.257602788345851 0.238502834714357 0.221384351595925 0.191578542248153 0.161098499404891 0.133897166533123 0.109377847123085 0.0890555848090338 0.070822869458649 0.0552751438058039 0.0422251968394676 0.0312985838782752 0.022382026289154 0.0168401795865714 0.0122584423244367 0.00855416930375303 0.00563959824397189 0.00345187299602905 0.00192474717476823 0.000945484743190292 0.000409163902088162 0.000157820356522337 5.54550331372885e-05
0.459019127953241 0.47125277777674 0.501645277497172 0.54807158592452 0.608438805504912 0.684418113000528 0.775630811293857 0.881274273160921 1 0.883024869605996 0.781718897599989 0.69410986252004 0.619510714926285 0.55477201356187 0.49933814439948 0.450997810776749 0.408793371585428 0.371887225565442 0.339938147636047 0.311487080982602 0.28672746320234 0.264834433910965 0.245225688469836 0.212586644757357 0.17930001040063 0.14949941276739 0.12254514556145 0.100124371836583 0.0799324664931313 0.0626426308336018 0.0480656506293441 0.0358011138031879 0.0257390288048488 0.0194804551152128 0.0142750899052808 0.0100368445149513 0.00667514251400508 0.00412797047911191 0.00233009512777971 0.00116178694980497 0.000511676072914818 0.000201341995458407 7.23160433728868e-05
