<?xml version="1.0"?>
<arts format="ascii" version="1">
<CovarianceMatrix n_blocks="3">
<Block row_index="0" column_index="0" row_start="0" row_extent="1" column_start="0" column_extent="1" is_inverse="0" type="Matrix">
<Matrix nrows="1" ncols="1">
100
</Matrix>
</Block>
<Block row_index="1" column_index="1" row_start="1" row_extent="43" column_start="1" column_extent="43" is_inverse="0" type="Matrix">
<Matrix nrows="43" ncols="43">
79.969629395645 77.6462853475556 73.528097108567 69.3103589283089 64.0660471287273 57.1687832964129 49.4636475141297 42.460571087232 36.6536912218491 31.9339036139888 28.2625033176088 25.6036370841054 23.5012486479053 21.7654712346031 20.3013957163446 18.9620631539904 17.6533281642309 16.2496964214306 14.6330803266519 12.8390526833539 10.963375578116 9.27739940368091 8.07036349594225 6.74813790620299 5.83820928984633 5.28837164687539 4.74897263433477 4.0420780336871 3.1236670424974 2.35609448761068 1.88966037593218 1.5772564308315 1.35713290550612 1.16418110578438 0.958860449177051 0.730470312395029 0.534563888085533 0.373997003996326 0.234875789930952 0.109942384224805 0.0262218892838328 0.00598715966815296 0.00235689646926583
77.6462853475556 79.6953354060662 75.46874343579 71.1394908101528 65.7519350874593 58.6616798357678 50.7390477702993 43.5373044403583 37.5653800688965 32.7109850988442 28.934214690236 26.1976774366782 24.0328720873515 22.2450261555187 20.7365125413329 19.3568063823963 18.0097857198819 16.5672334438157 14.9089211278587 13.0716001515415 11.1533040696684 9.43045345966076 8.19726358690421 6.85618194046292 5.93475230112648 5.37932489694928 4.83392645736803 4.11672569782217 3.1828232586443 2.40189647554363 1.92783879222169 1.61071982337788 1.38755740549617 1.19184387960811 0.983017011692533 0.749985193619404 0.54977078584476 0.38539032017832 0.242577167846285 0.113836738717578 0.0272173771376928 0.00623124351819261 0.002463570806318
73.528097108567 75.46874343579 81.4693741855552 76.7623725848979 70.9091274542162 63.2311630373453 54.6700517571399 46.8852582422059 40.4274735988388 35.1719247351444 31.0760021588265 28.0979313582426 25.736084409836 23.783069160126 22.1329933424546 20.6258190418636 19.1602583022418 17.6004623189208 15.8205171951207 13.8597804556766 11.8217998561028 9.99497197796568 8.68590601882789 7.27616952873242 6.30537728301935 5.71759212720838 5.14055606972879 4.38340838109596 3.39753495763508 2.5712068126458 2.06736749602973 1.72896278439924 1.49014803305386 1.28073613581408 1.05759581297741 0.808542310355207 0.594183777443188 0.417803516122204 0.264059463705536 0.124676869998794 0.030139226247993 0.00699286179988515 0.00278265486854399
69.3103589283089 71.1394908101528 76.7623725848979 86.8405940776339 80.1277332070513 71.4046754696322 61.7332873466905 52.9333756243056 45.6269182332991 39.6641480788928 34.9990626673386 31.5826553923669 28.8596906840499 26.6029732912331 24.6918788244024 22.9509365586099 21.2706301837946 19.5022322521627 17.5106437589771 15.3387606431581 13.0983734169654 11.0952585533169 9.65494826340231 8.11335272911514 7.04141375564897 6.38118809488063 5.73487305814372 4.89862413174105 3.81618530023243 2.90477598663466 2.34141174415248 1.95803088266746 1.68469539151454 1.44533087493409 1.1928240133348 0.913143746470104 0.672360866785929 0.474020140646961 0.300928993441997 0.143340078976735 0.0354028694531709 0.00843449917416689 0.00337417017190492
64.0660471287273 65.7519350874593 70.9091274542162 80.1277332070513 92.1791050192296 82.1040267939007 70.9836632338626 60.8539123438424 52.4323774482697 45.5389264385184 40.1241440042747 36.1304027390716 32.931525802163 30.2741632434841 28.018470467428 25.9685384736931 24.0039890528192 21.9590814915964 19.6865759066046 17.2342823461849 14.7251321988821 12.4882783674774 10.8744697774646 9.16847743129985 7.97267382786541 7.22552595326605 6.49539739129113 5.56055446092299 4.35511930886331 3.33512304733364 2.69674853522557 2.25724216064826 1.9411134069587 1.66442232691117 1.37460366112373 1.05508410789365 0.779523913913538 0.551941919384193 0.352636177040746 0.169821386492352 0.0429421631592004 0.0105255922460899 0.00424969842682693
57.1687832964129 58.6616798357678 63.2311630373453 71.4046754696322 82.1040267939007 93.4433665717659 80.7704983521303 69.2062583299179 59.5777843680409 51.6811384698243 45.4639753644698 40.8608243079129 37.1626804966018 34.0850072047968 31.4678061495144 29.0913296898578 26.8224384491519 24.4762536433966 21.8913876996584 19.1227601558313 16.3076986479627 13.8059600131761 11.9995629541427 10.1403289235022 8.83938488907738 8.02774127298714 7.23287442262208 6.20876278056724 4.88076395001593 3.75292122305874 3.04575588970983 2.55835675455261 2.2077971444017 1.90058874586407 1.57710467107389 1.2175780078416 0.905696570981087 0.646444253903458 0.417087211185671 0.203410292490864 0.0523412548483747 0.0130924811092433 0.00537936730281687
49.4636475141297 50.7390477702993 54.6700517571399 61.7332873466905 70.9836632338626 80.7704983521303 89.743628661864 76.8262300806078 66.0542383715358 57.214945148822 50.2538930078827 45.1002158926018 40.9564380027478 37.5036472776042 34.5637733214989 31.8916489973779 29.3403794325969 26.7057717786158 23.811372171231 20.7217694940265 17.591787924255 14.8189328088166 12.8214784005194 10.8453325134446 9.48055323699782 8.64639908955627 7.82416209275383 6.73699665417625 5.30389871497522 4.08443213705812 3.32803940708871 2.81279749379118 2.44640551906257 2.12450348954859 1.77880795959771 1.38570267648577 1.04122501258656 0.751892535634177 0.49146410363287 0.242932125830621 0.0630701325356007 0.0159238781545139 0.00671158481300235
42.460571087232 43.5373044403583 46.8852582422059 52.9333756243056 60.8539123438424 69.2062583299179 76.8262300806078 85.2930405096803 73.2565532073303 63.3742239066148 55.5911914630162 49.8328432096748 45.2001790774307 41.3346674532847 38.0387826780551 35.0381287417791 32.1700452786004 29.2084162535981 25.9594754549508 22.499889678096 19.0056540735381 15.9197195906405 13.7033351162012 11.6008018695008 10.1719780110773 9.32196753638291 8.47740698162855 7.32382188937105 5.77302018190024 4.45096716403834 3.64231620963677 3.10010951048648 2.72068446344874 2.38657040767304 2.01869488023614 1.58843418416507 1.20703949320289 0.882961368212132 0.585426848182607 0.293599597910746 0.0768667666828538 0.0195691131592486 0.0084855021632326
36.6536912218491 37.5653800688965 40.4274735988388 45.6269182332991 52.4323774482697 59.5777843680409 66.0542383715358 73.2565532073303 80.8613133238324 69.8909928980506 61.2504196814312 54.8636254228242 49.7227228633663 45.4265887071772 41.7579500180899 38.4109453106833 35.2060125591134 31.8936257930036 28.2613663115437 24.3998169026989 20.5088135169973 17.0821640380755 14.6286958448414 12.3933138423966 10.9002688600815 10.0391569633373 9.17609085801387 7.95395096930916 6.2765051890255 4.84395119250764 3.9809906631907 3.41280683278354 3.02296038777135 2.67916487827652 2.28979327632553 1.82011190244809 1.39884188070151 1.03665499086204 0.69724247854183 0.354776718754299 0.0936394227702537 0.0240231878405083 0.0107208423264055
31.9339036139888 32.7109850988442 35.1719247351444 39.6641480788928 45.5389264385184 51.6811384698243 57.214945148822 63.3742239066148 69.8909928980506 77.7163404512453 68.0725120195307 60.9439291119279 55.1990416477241 50.3888556292766 46.2734246146273 42.5109253737725 38.9026622780192 35.1719772242003 31.08505434375 26.7485727387691 22.3900051192813 18.5613836831481 15.8263469496923 13.4241112775251 11.8437793523922 10.9582349122838 10.0634512717252 8.7529204788115 6.91949416590479 5.34994952164295 4.41639056490353 3.81173196981629 3.40490886340542 3.04608687982409 2.62853330065944 2.10974099285554 1.63921196027603 1.23015775198488 0.83914291211603 0.433428556411368 0.115683435534684 0.0300208163486275 0.013775698583285
28.2625033176088 28.934214690236 31.0760021588265 34.9990626673386 40.1241440042747 45.4639753644698 50.2538930078827 55.5911914630162 61.2504196814312 68.0725120195307 76.3518935901701 68.3392836985722 61.8681746649751 56.4370684327521 51.7797744815531 47.5140351566798 43.4198950743085 39.1894439168152 34.5646392851292 29.6701020240505 24.7645058971235 20.4646370604187 17.395940327706 14.7831698026995 13.0828605887069 12.150463038076 11.2023557335315 9.77639905704459 7.75074141896422 6.01101479153182 4.98422877109793 4.32675790425848 3.89131778472364 3.50772644711946 3.05153389124489 2.47060379817353 1.93863235300762 1.47166042440802 1.01728940534951 0.533453633714075 0.144542179053554 0.0381393224479483 0.0179488410912328
25.6036370841054 26.1976774366782 28.0979313582426 31.5826553923669 36.1304027390716 40.8608243079129 45.1002158926018 49.8328432096748 54.8636254228242 60.9439291119279 68.3392836985722 77.6135915757213 70.2340100621746 64.0227627421227 58.6821473249537 53.7847294440186 49.0872061186271 44.2452843191431 38.9735518073047 33.4157080449795 27.8647131989312 23.0070212040023 19.536492812845 16.6498743585484 14.7775728652384 13.757618210293 12.7175520133053 11.1345218880853 8.86658054915785 6.91022769743505 5.75484426031252 5.01624129702524 4.5298256980416 4.10222616922068 3.58876086671013 2.925677782137 2.31428456718392 1.77368304298044 1.24046251437749 0.660280481786201 0.182621418259143 0.049365190478299 0.023716005573737
23.5012486479053 24.0328720873515 25.736084409836 28.8596906840499 32.931525802163 37.1626804966018 40.9564380027478 45.2001790774307 49.7227228633663 55.1990416477241 61.8681746649751 70.2340100621746 80.242150172292 73.1027172933335 66.945995908991 61.2944240833037 55.8791511620787 50.3143365328256 44.283800591311 37.9522285475737 31.6509714003894 26.14324297601 22.1996771454022 18.9835777329234 16.8967254452178 15.7585594895442 14.596724517959 12.8204225189764 10.2624802722613 8.0449963493987 6.72905920400414 5.88494583642803 5.32912133315581 4.84163417379159 4.25435085498417 3.4894362730077 2.78023082634351 2.14932907914155 1.5197701158278 0.821170237813039 0.232515277143927 0.0646404362967272 0.0316355203235154
21.7654712346031 22.2450261555187 23.783069160126 26.6029732912331 30.2741632434841 34.0850072047968 37.5036472776042 41.3346674532847 45.4265887071772 50.3888556292766 56.4370684327521 64.0227627421227 73.1027172933335 83.3755830009477 76.3034566080399 69.804201048282 63.5818940078631 57.2052259727507 50.3245546323351 43.1275297653643 35.9877859267027 29.7520935509445 25.2755488154366 21.6893527812346 19.3586632177182 18.0828452712286 16.7798475644929 14.7837478642821 11.8978348513205 9.38334810969924 7.8820802355809 6.91428296584532 6.27592247851482 5.71732541970952 5.04367459702568 4.16047307430897 3.33752324624805 2.60140891182406 1.85891671245393 1.01934624033587 0.295672998664214 0.0846043233233164 0.0421395367098572
20.3013957163446 20.7365125413329 22.1329933424546 24.6918788244024 28.018470467428 31.4678061495144 34.5637733214989 38.0387826780551 41.7579500180899 46.2734246146273 51.7797744815531 58.6821473249537 66.945995908991 76.3034566080399 87.0199991369122 79.5584702462571 72.4194396699326 65.1212940871513 57.2775682325754 49.1013285077888 41.0133535405154 33.9525257660912 28.8681203755688 24.8617261476646 22.2512746951875 20.8140905348992 19.3461666350056 17.0974732413047 13.8364254320779 10.9803160153626 9.26287238596845 8.14871110113637 7.41136902421684 6.76754551244492 5.99170914402618 4.96945808485273 4.01262247941821 3.1524157340568 2.27592481864514 1.26651333239026 0.376639252901272 0.111030193166991 0.0562483234675257
18.9620631539904 19.3568063823963 20.6258190418636 22.9509365586099 25.9685384736931 29.0913296898578 31.8916489973779 35.0381287417791 38.4109453106833 42.5109253737725 47.5140351566798 53.7847294440186 61.2944240833037 69.804201048282 79.5584702462571 90.2375458660316 82.1080284904293 73.8091436131746 64.9147154768906 55.6663782542194 46.5374766601281 38.5691852708826 32.8153313753987 28.3577366639271 25.4504043649445 23.8459917788081 22.2059859426293 19.6856303016035 16.0141464570223 12.7826888003089 10.8291499023529 9.55660541238379 8.71379487406975 7.97969158170852 7.09342212041775 5.91692383114833 4.81026997876624 3.81008050861398 2.77968263758726 1.56964742999897 0.478023849340215 0.144944945669415 0.0747410181726224
17.6533281642309 18.0097857198819 19.1602583022418 21.2706301837946 24.0039890528192 26.8224384491519 29.3403794325969 32.1700452786004 35.2060125591134 38.9026622780192 43.4198950743085 49.0872061186271 55.8791511620787 63.5818940078631 72.4194396699326 82.1080284904293 92.0209739039891 82.7075370465879 72.7338556515867 62.3737040055746 52.1581636047021 43.2413830692975 36.7910037697792 31.8858876869917 28.695992132897 26.9465332391436 25.1539652985013 22.3676778457458 18.2756692728038 14.6586961005877 12.4703132478138 11.0468629744904 10.1096849161039 9.29638770745125 8.3059924416094 6.97282189425984 5.71123108163645 4.56404006741392 3.36641168123692 1.92837850170085 0.599444113950151 0.186169628915467 0.0978722143812278
16.2496964214306 16.5672334438157 17.6004623189208 19.5022322521627 21.9590814915964 24.4762536433966 26.7057717786158 29.2084162535981 31.8936257930036 35.1719772242003 39.1894439168152 44.2452843191431 50.3143365328256 57.2052259727507 65.1212940871513 73.8091436131746 82.7075370465879 91.1799006792813 80.1588978608454 68.6976098633528 57.3913751165135 47.5224549522804 40.3833224611831 35.0732643953675 31.6542937926103 29.8206441493703 27.9316630385845 24.9156647075797 20.4198138858841 16.4329153988301 14.037963577705 12.498344855894 11.504067917168 10.6471830433998 9.5804390859069 8.10554594775645 6.69837763894575 5.40887881126879 4.03835858743214 2.34633999995869 0.740600673505217 0.234027139103879 0.125856854319322
14.6330803266519 14.9089211278587 15.8205171951207 17.5106437589771 19.6865759066046 21.8913876996584 23.811372171231 25.9594754549508 28.2613663115437 31.08505434375 34.5646392851292 38.9735518073047 44.283800591311 50.3245546323351 57.2775682325754 64.9147154768906 72.7338556515867 80.1588978608454 86.0009661364729 73.5624269471119 61.2599635852629 50.5235720516792 42.7814060277941 37.1830988246736 33.6589986525397 31.8686251316559 30.003196928207 26.8507357175147 22.0231064336669 17.7351830502127 15.2137901536575 13.6431226796517 12.6763496447683 11.8559403728115 10.7809738259831 9.21464853696172 7.70195573447924 6.30084623858064 4.77179660024069 2.81164027346941 0.893241880250678 0.283954491620516 0.157143202973849
12.8390526833539 13.0716001515415 13.8597804556766 15.3387606431581 17.2342823461849 19.1227601558313 20.7217694940265 22.499889678096 24.3998169026989 26.7485727387691 29.6701020240505 33.4157080449795 37.9522285475737 43.1275297653643 49.1013285077888 55.6663782542194 62.3737040055746 68.6976098633528 73.5624269471119 76.2591640264256 63.1204926532682 51.6604504391756 43.4536107878206 37.7249274997455 34.2589252967882 32.677601311988 30.9932805932477 27.8316704423513 22.7777068082233 18.2906006867914 15.7562362024312 14.2732781751284 13.451447564807 12.7795803001804 11.7945707818718 10.2142313223262 8.66061473903225 7.20038255180628 5.54464962737701 3.3125537881867 1.04823839399894 0.330447060701427 0.189635982190354
10.963375578116 11.1533040696684 11.8217998561028 13.0983734169654 14.7251321988821 16.3076986479627 17.591787924255 19.0056540735381 20.5088135169973 22.3900051192813 24.7645058971235 27.8647131989312 31.6509714003894 35.9877859267027 41.0133535405154 46.5374766601281 52.1581636047021 57.3913751165135 61.2599635852629 63.1204926532682 62.5256509516202 50.5336806186706 42.0412971415117 36.3622174711754 33.1363611301864 31.9473056013018 30.6199079557562 27.5957544530898 22.4429821387735 17.8807643684194 15.4680658391095 14.2126933176933 13.6741444672658 13.2841728344269 12.5088461616842 11.0133844302893 9.50414597976207 8.05686411491318 6.32379525147218 3.82928178625233 1.19282634563384 0.366092674046046 0.220022507628341
9.27739940368091 9.43045345966076 9.99497197796568 11.0952585533169 12.4882783674774 13.8059600131761 14.8189328088166 15.9197195906405 17.0821640380755 18.5613836831481 20.4646370604187 23.0070212040023 26.14324297601 29.7520935509445 33.9525257660912 38.5691852708826 43.2413830692975 47.5224549522804 50.5235720516792 51.6604504391756 50.5336806186706 48.4902785855491 39.7651108710185 34.191051020191 31.2751407594671 30.5627614878139 29.6745123606293 26.8455637625891 21.6274344191794 17.0251635975071 14.7911500189518 13.8340868683564 13.6573539788094 13.6297114577382 13.1362782394204 11.7806100290155 10.363755890785 8.97110756212984 7.18396315539201 4.4088298105634 1.34509109415374 0.39720512450957 0.251828045665005
8.07036349594225 8.19726358690421 8.68590601882789 9.65494826340231 10.8744697774646 11.9995629541427 12.8214784005194 13.7033351162012 14.6286958448414 15.8263469496923 17.395940327706 19.536492812845 22.1996771454022 25.2755488154366 28.8681203755688 32.8153313753987 36.7910037697792 40.3833224611831 42.7814060277941 43.4536107878206 42.0412971415117 39.7651108710185 38.6071541956029 33.0172004501049 30.3105364803248 29.9961422847191 29.4736504277103 26.7606073998852 21.3790649470999 16.6442164509121 14.5202659745304 13.8099141892912 13.9591895837133 14.2680309141446 14.0332898857662 12.788983138318 11.4406858210045 10.0842228538794 8.21898687387753 5.10995238097 1.53808721708168 0.440291752060583 0.293097340354356
6.74813790620299 6.85618194046292 7.27616952873242 8.11335272911514 9.16847743129985 10.1403289235022 10.8453325134446 11.6008018695008 12.3933138423966 13.4241112775251 14.7831698026995 16.6498743585484 18.9835777329234 21.6893527812346 24.8617261476646 28.3577366639271 31.8858876869917 35.0732643953675 37.1830988246736 37.7249274997455 36.3622174711754 34.191051020191 33.0172004501049 33.7360990549659 30.9978039304897 30.8668684444985 30.5000994310304 27.7130410020424 21.9975268041484 16.9831056800424 14.8246827860724 14.2114899785226 14.5319798094295 15.0197045268949 14.8995400156935 13.656895309208 12.2857394242676 10.8908386341359 8.91796099261404 5.55175549463679 1.64815147828297 0.459819084980824 0.311839365431181
5.83820928984633 5.93475230112648 6.30537728301935 7.04141375564897 7.97267382786541 8.83938488907738 9.48055323699782 10.1719780110773 10.9002688600815 11.8437793523922 13.0828605887069 14.7775728652384 16.8967254452178 19.3586632177182 22.2512746951875 25.4504043649445 28.695992132897 31.6542937926103 33.6589986525397 34.2589252967882 33.1363611301864 31.2751407594671 30.3105364803248 30.9978039304897 34.3697801647724 34.1966497042361 33.7655885875228 30.6782155281636 24.3737765357591 18.8403065855465 16.4453563464337 15.7488175066782 16.0795320490509 16.595282659704 16.4448497965507 15.0630388137923 13.5419682583254 11.9968071522523 9.81889880338073 6.11260777170057 1.81835610062269 0.509195554123741 0.34454489347911
5.28837164687539 5.37932489694928 5.71759212720838 6.38118809488063 7.22552595326605 8.02774127298714 8.64639908955627 9.32196753638291 10.0391569633373 10.9582349122838 12.150463038076 13.757618210293 15.7585594895442 18.0828452712286 20.8140905348992 23.8459917788081 26.9465332391436 29.8206441493703 31.8686251316559 32.677601311988 31.9473056013018 30.5627614878139 29.9961422847191 30.8668684444985 34.1966497042361 40.9900862746205 40.1911424137805 36.4943295020078 29.2529627859676 22.870034027481 19.9572304691187 18.9260133643976 19.0444969590607 19.3820430654451 19.0041870768491 17.2894789007865 15.443401072862 13.5937402974273 11.0721466557957 6.89263388832508 2.09294137341923 0.607762662361744 0.402326403926595
4.74897263433477 4.83392645736803 5.14055606972879 5.73487305814372 6.49539739129113 7.23287442262208 7.82416209275383 8.47740698162855 9.17609085801387 10.0634512717252 11.2023557335315 12.7175520133053 14.596724517959 16.7798475644929 19.3461666350056 22.2059859426293 25.1539652985013 27.9316630385845 30.003196928207 30.9932805932477 30.6199079557562 29.6745123606293 29.4736504277103 30.5000994310304 33.7655885875228 40.1911424137805 48.1129858986315 43.6633193990401 35.2847883603995 27.8684879481867 24.3130015109928 22.8553717401179 22.6934173978413 22.7923946452769 22.1205846121663 19.9906841233194 17.7414890797678 15.5157072520003 12.5752272705205 7.82814010127947 2.42659042205212 0.729396506518802 0.473031746577393
4.0420780336871 4.11672569782217 4.38340838109596 4.89862413174105 5.56055446092299 6.20876278056724 6.73699665417625 7.32382188937105 7.95395096930916 8.7529204788115 9.77639905704459 11.1345218880853 12.8204225189764 14.7837478642821 17.0974732413047 19.6856303016035 22.3676778457458 24.9156647075797 26.8507357175147 27.8316704423513 27.5957544530898 26.8455637625891 26.7606073998852 27.7130410020424 30.6782155281636 36.4943295020078 43.6633193990401 48.784692237967 39.4510861425545 31.1862869788978 27.2069356638624 25.5566367629324 25.3462426348709 25.4272725446248 24.6553626176406 22.2680451059648 19.7511131658458 17.2630260387317 13.9850626393054 8.70574989488634 2.70369845198196 0.815166696502456 0.527707365937701
3.1236670424974 3.1828232586443 3.39753495763508 3.81618530023243 4.35511930886331 4.88076395001593 5.30389871497522 5.77302018190024 6.2765051890255 6.91949416590479 7.75074141896422 8.86658054915785 10.2624802722613 11.8978348513205 13.8364254320779 16.0141464570223 18.2756692728038 20.4198138858841 22.0231064336669 22.7777068082233 22.4429821387735 21.6274344191794 21.3790649470999 21.9975268041484 24.3737765357591 29.2529627859676 35.2847883603995 39.4510861425545 39.8221215405572 31.0752526413445 27.118644011168 25.7585262459023 25.9821099706839 26.5045783555263 26.0343445514967 23.7127005130925 21.2042207917545 18.6851967022536 15.2318980213913 9.48220190754823 2.86913004295681 0.828101355053941 0.550191274377501
2.35609448761068 2.40189647554363 2.5712068126458 2.90477598663466 3.33512304733364 3.75292122305874 4.08443213705812 4.45096716403834 4.84395119250764 5.34994952164295 6.01101479153182 6.91022769743505 8.0449963493987 9.38334810969924 10.9803160153626 12.7826888003089 14.6586961005877 16.4329153988301 17.7351830502127 18.2906006867914 17.8807643684194 17.0251635975071 16.6442164509121 16.9831056800424 18.8403065855465 22.870034027481 27.8684879481867 31.1862869788978 31.0752526413445 30.7446198211262 26.8412216971247 25.8640447363045 26.6467286951892 27.736131205848 27.6583211462292 25.4354779461017 22.9530281854844 20.409229638259 16.7503070908515 10.4277930073544 3.06548394307253 0.839815779514267 0.575912305609412
1.88966037593218 1.92783879222169 2.06736749602973 2.34141174415248 2.69674853522557 3.04575588970983 3.32803940708871 3.64231620963677 3.9809906631907 4.41639056490353 4.98422877109793 5.75484426031252 6.72905920400414 7.8820802355809 9.26287238596845 10.8291499023529 12.4703132478138 14.037963577705 15.2137901536575 15.7562362024312 15.4680658391095 14.7911500189518 14.5202659745304 14.8246827860724 16.4453563464337 19.9572304691187 24.3130015109928 27.2069356638624 27.118644011168 26.8412216971247 30.9431696302853 29.8060176650841 30.6921269639884 31.931514336853 31.8306370462223 29.2659290108655 26.4040939582264 23.4730025902989 19.2618609846928 11.99133528405 3.52745170102562 0.96757667263287 0.663020876585184
1.5772564308315 1.61071982337788 1.72896278439924 1.95803088266746 2.25724216064826 2.55835675455261 2.81279749379118 3.10010951048648 3.41280683278354 3.81173196981629 4.32675790425848 5.01624129702524 5.88494583642803 6.91428296584532 8.14871110113637 9.55660541238379 11.0468629744904 12.498344855894 13.6431226796517 14.2732781751284 14.2126933176933 13.8340868683564 13.8099141892912 14.2114899785226 15.7488175066782 18.9260133643976 22.8553717401179 25.5566367629324 25.7585262459023 25.8640447363045 29.8060176650841 38.6632980006655 39.094506735599 39.9754705953805 39.3372026737486 35.8709902095656 32.1120053296029 28.3284985344925 23.1123324014861 14.3880104429564 4.33815671795259 1.24439760619687 0.829851476237679
1.35713290550612 1.38755740549617 1.49014803305386 1.68469539151454 1.9411134069587 2.2077971444017 2.44640551906257 2.72068446344874 3.02296038777135 3.40490886340542 3.89131778472364 4.5298256980416 5.32912133315581 6.27592247851482 7.41136902421684 8.71379487406975 10.1096849161039 11.504067917168 12.6763496447683 13.451447564807 13.6741444672658 13.6573539788094 13.9591895837133 14.5319798094295 16.0795320490509 19.0444969590607 22.6934173978413 25.3462426348709 25.9821099706839 26.6467286951892 30.6921269639884 39.094506735599 54.014518986699 53.7241911927555 51.7409144792569 46.5210737418057 41.0818845947574 35.7464330889973 28.8589773438813 17.9645048840622 5.65891426140339 1.74509345061819 1.11483750802523
1.16418110578438 1.19184387960811 1.28073613581408 1.44533087493409 1.66442232691117 1.90058874586407 2.12450348954859 2.38657040767304 2.67916487827652 3.04608687982409 3.50772644711946 4.10222616922068 4.84163417379159 5.71732541970952 6.76754551244492 7.97969158170852 9.29638770745125 10.6471830433998 11.8559403728115 12.7795803001804 13.2841728344269 13.6297114577382 14.2680309141446 15.0197045268949 16.595282659704 19.3820430654451 22.7923946452769 25.4272725446248 26.5045783555263 27.736131205848 31.931514336853 39.9754705953805 53.7241911927555 76.0473910826886 71.5154911865178 63.266369340612 54.9735487702925 47.0370199999407 37.4757334349988 23.3268277973604 7.74786250846525 2.58161859135589 1.57741954636693
0.958860449177051 0.983017011692533 1.05759581297741 1.1928240133348 1.37460366112373 1.57710467107389 1.77880795959771 2.01869488023614 2.28979327632553 2.62853330065944 3.05153389124489 3.58876086671013 4.25435085498417 5.04367459702568 5.99170914402618 7.09342212041775 8.3059924416094 9.5804390859069 10.7809738259831 11.7945707818718 12.5088461616842 13.1362782394204 14.0332898857662 14.8995400156935 16.4448497965507 19.0041870768491 22.1205846121663 24.6553626176406 26.0343445514967 27.6583211462292 31.8306370462223 39.3372026737486 51.7409144792569 71.5154911865178 101.291274047263 88.320811584416 75.6112674226809 63.6712288287546 50.0773662880164 31.1686870304709 10.88190505876 3.86745172386362 2.27960373819843
0.730470312395029 0.749985193619404 0.808542310355207 0.913143746470104 1.05508410789365 1.2175780078416 1.38570267648577 1.58843418416507 1.82011190244809 2.10974099285554 2.47060379817353 2.925677782137 3.4894362730077 4.16047307430897 4.96945808485273 5.91692383114833 6.97282189425984 8.10554594775645 9.21464853696172 10.2142313223262 11.0133844302893 11.7806100290155 12.788983138318 13.656895309208 15.0630388137923 17.2894789007865 19.9906841233194 22.2680451059648 23.7127005130925 25.4354779461017 29.2659290108655 35.8709902095656 46.5210737418057 63.266369340612 88.320811584416 124.389828512343 105.313882669534 87.6042310922574 68.2032360076774 42.4482018897773 15.3942160049303 5.72042476646654 3.2910316677201
0.534563888085533 0.54977078584476 0.594183777443188 0.672360866785929 0.779523913913538 0.905696570981087 1.04122501258656 1.20703949320289 1.39884188070151 1.63921196027603 1.93863235300762 2.31428456718392 2.78023082634351 3.33752324624805 4.01262247941821 4.81026997876624 5.71123108163645 6.69837763894575 7.70195573447924 8.66061473903225 9.50414597976207 10.363755890785 11.4406858210045 12.2857394242676 13.5419682583254 15.443401072862 17.7414890797678 19.7511131658458 21.2042207917545 22.9530281854844 26.4040939582264 32.1120053296029 41.0818845947574 54.9735487702925 75.6112674226809 105.313882669534 154.855980612564 127.084299322498 97.8075333681479 60.8696275122394 23.0170253275158 8.94671891522468 5.02515250625768
0.373997003996326 0.38539032017832 0.417803516122204 0.474020140646961 0.551941919384193 0.646444253903458 0.751892535634177 0.882961368212132 1.03665499086204 1.23015775198488 1.47166042440802 1.77368304298044 2.14932907914155 2.60140891182406 3.1524157340568 3.81008050861398 4.56404006741392 5.40887881126879 6.30084623858064 7.20038255180628 8.05686411491318 8.97110756212984 10.0842228538794 10.8908386341359 11.9968071522523 13.5937402974273 15.5157072520003 17.2630260387317 18.6851967022536 20.409229638259 23.4730025902989 28.3284985344925 35.7464330889973 47.0370199999407 63.6712288287546 87.6042310922574 127.084299322498 199.038156608046 151.095396310581 94.0260461756583 37.3134709230857 15.208628875853 8.3334807063626
0.234875789930952 0.242577167846285 0.264059463705536 0.300928993441997 0.352636177040746 0.417087211185671 0.49146410363287 0.585426848182607 0.69724247854183 0.83914291211603 1.01728940534951 1.24046251437749 1.5197701158278 1.85891671245393 2.27592481864514 2.77968263758726 3.36641168123692 4.03835858743214 4.77179660024069 5.54464962737701 6.32379525147218 7.18396315539201 8.21898687387753 8.91796099261404 9.81889880338073 11.0721466557957 12.5752272705205 13.9850626393054 15.2318980213913 16.7503070908515 19.2618609846928 23.1123324014861 28.8589773438813 37.4757334349988 50.0773662880164 68.2032360076774 97.8075333681479 151.095396310581 248.632840666931 154.713010328705 64.0328382798691 27.1059362407368 14.5681022347444
0.109942384224805 0.113836738717578 0.124676869998794 0.143340078976735 0.169821386492352 0.203410292490864 0.242932125830621 0.293599597910746 0.354776718754299 0.433428556411368 0.533453633714075 0.660280481786201 0.821170237813039 1.01934624033587 1.26651333239026 1.56964742999897 1.92837850170085 2.34633999995869 2.81164027346941 3.3125537881867 3.82928178625233 4.4088298105634 5.10995238097 5.55175549463679 6.11260777170057 6.89263388832508 7.82814010127947 8.70574989488634 9.48220190754823 10.4277930073544 11.99133528405 14.3880104429564 17.9645048840622 23.3268277973604 31.1686870304709 42.4482018897773 60.8696275122394 94.0260461756583 154.713010328705 248.928593621713 103.049676150646 43.6306067429696 23.447029504798
0.0262218892838328 0.0272173771376928 0.030139226247993 0.0354028694531709 0.0429421631592004 0.0523412548483747 0.0630701325356007 0.0768667666828538 0.0936394227702537 0.115683435534684 0.144542179053554 0.182621418259143 0.232515277143927 0.295672998664214 0.376639252901272 0.478023849340215 0.599444113950151 0.740600673505217 0.893241880250678 1.04823839399894 1.19282634563384 1.34509109415374 1.53808721708168 1.64815147828297 1.81835610062269 2.09294137341923 2.42659042205212 2.70369845198196 2.86913004295681 3.06548394307253 3.52745170102562 4.33815671795259 5.65891426140339 7.74786250846525 10.88190505876 15.3942160049303 23.0170253275158 37.3134709230857 64.0328382798691 103.049676150646 114.0552572246 41.6023279945975 24.1760993746968
0.00598715966815296 0.00623124351819261 0.00699286179988515 0.00843449917416689 0.0105255922460899 0.0130924811092433 0.0159238781545139 0.0195691131592486 0.0240231878405083 0.0300208163486275 0.0381393224479483 0.049365190478299 0.0646404362967272 0.0846043233233164 0.111030193166991 0.144944945669415 0.186169628915467 0.234027139103879 0.283954491620516 0.330447060701427 0.366092674046046 0.39720512450957 0.440291752060583 0.459819084980824 0.509195554123741 0.607762662361744 0.729396506518802 0.815166696502456 0.828101355053941 0.839815779514267 0.96757667263287 1.24439760619687 1.74509345061819 2.58161859135589 3.86745172386362 5.72042476646654 8.94671891522468 15.208628875853 27.1059362407368 43.6306067429696 41.6023279945975 45.1673562354487 29.5318455053353
0.00235689646926583 0.002463570806318 0.00278265486854399 0.00337417017190492 0.00424969842682693 0.00537936730281687 0.00671158481300235 0.0084855021632326 0.0107208423264055 0.013775698583285 0.0179488410912328 0.023716005573737 0.0316355203235154 0.0421395367098572 0.0562483234675257 0.0747410181726224 0.0978722143812278 0.125856854319322 0.157143202973849 0.189635982190354 0.220022507628341 0.251828045665005 0.293097340354356 0.311839365431181 0.34454489347911 0.402326403926595 0.473031746577393 0.527707365937701 0.550191274377501 0.575912305609412 0.663020876585184 0.829851476237679 1.11483750802523 1.57741954636693 2.27960373819843 3.2910316677201 5.02515250625768 8.3334807063626 14.5681022347444 23.447029504798 24.1760993746968 29.5318455053353 76.4179797834806
</Matrix>
</Block>
<Block row_index="2" column_index="2" row_start="44" row_extent="43" column_start="44" column_extent="43" is_inverse="0" type="Matrix">
<Matrix nrows="43" ncols="43">
1 0.972615193871554 0.910908708273637 0.831008525558527 0.744310405144537 0.659336781277414 0.58290846667228 0.513855562318539 0.455803971575057 0.405031641622852 0.361594523617499 0.3249538488461 0.293377287379043 0.266496592281601 0.243145588079281 0.222811560380321 0.205282472711327 0.18988888154489 0.176333407489884 0.164362181927216 0.153877034402795 0.144440386879914 0.136120465600788 0.115774883172564 0.0967287107848915 0.0802788594879249 0.0657901700633073 0.0537460607603078 0.0428269117906958 0.0333300836396483 0.0252629852464292 0.0184777619138293 0.0130441979652952 0.0093273565779483 0.00661243290034044 0.00446804811404863 0.00284553656683169 0.0016755670574341 0.000893464791539091 0.00041784348671824 0.000168933801100188 5.98060561188044e-05 1.88385806397731e-05
0.972615193871554 1 0.936541797854156 0.85434405693356 0.765115917465785 0.677626425122195 0.598906491779039 0.527762082615944 0.467939264627926 0.415610658112752 0.370839198829143 0.33307299133394 0.300528322055896 0.272826404276409 0.248765509161812 0.227817079749293 0.20976208715694 0.19391029178202 0.17995478461577 0.167633511044673 0.156844701408803 0.147137469892333 0.138581421481574 0.11791299116516 0.0985647075618998 0.0818451494656291 0.0671108032590878 0.0548554862877077 0.0437381203846396 0.0340624029795894 0.0258372920003492 0.0189135202570129 0.0133639845388587 0.00956580691180919 0.00678929379542043 0.00459357982728744 0.0029299067426736 0.00172831006687388 0.000923531642744061 0.000433005362141305 0.000175595444432882 6.23809585981328e-05 1.97258222603148e-05
0.910908708273637 0.936541797854156 1 0.912154798399859 0.816697362153027 0.723002369793908 0.638620324951143 0.56230006417082 0.498087875054443 0.441898003415608 0.393812603292321 0.353248774609935 0.318296231663556 0.288550763894078 0.262722721391988 0.240244470469413 0.220879818540136 0.203886895357074 0.188935153110688 0.175742203824264 0.16419733730163 0.153816538669423 0.144672837163584 0.12320900316096 0.103116314962274 0.0857315770013067 0.0703907745174636 0.0576135191360221 0.0460057927475828 0.0358870045185815 0.0272700218236758 0.0200021562330125 0.0141641385705305 0.0101634906420361 0.00723347601906995 0.00490955893493474 0.00314282706753349 0.00186181951577276 0.000999915525496917 0.000471692028049649 0.000192681773842406 6.90248178454759e-05 2.20303811435218e-05
0.831008525558527 0.85434405693356 0.912154798399859 1 0.895183419604522 0.792135642155029 0.699193692267301 0.615026525771235 0.544143104157683 0.482072034125452 0.428929825968251 0.384090623986165 0.345453874529149 0.312578671990168 0.284042270509596 0.259218179792394 0.23784461272284 0.219100977994615 0.202620755532245 0.188090538225958 0.175385990514792 0.163972319618912 0.153927804943504 0.131265239514838 0.110050433406174 0.0916613879197989 0.075403399866531 0.0618354050440518 0.0494834072245454 0.0386907503028762 0.0294764339747098 0.0216827643801954 0.0154027118930466 0.0110914478553431 0.00792545160758534 0.00540371821962066 0.00347729828012535 0.00207264504405287 0.00112128473626805 0.00053362579201685 0.000220281237913108 7.98673408889658e-05 2.5834555669151e-05
0.744310405144537 0.765115917465785 0.816697362153027 0.895183419604522 1 0.884634560569913 0.780371554423708 0.685785503550239 0.606013068511192 0.536081780325681 0.476163368583241 0.425582530504979 0.381989166771619 0.344897234985881 0.312707706875751 0.284716755270626 0.260629519738967 0.239520076016367 0.220973936971902 0.204636184447058 0.190364311768885 0.177555030774346 0.166293765763298 0.142046910891242 0.1193486080699 0.0996289804457184 0.0821531210754779 0.0675327241627222 0.0541877385483035 0.0424935847292116 0.0324777847015535 0.0239762881333809 0.017099007309512 0.0123674210475055 0.0088812281481814 0.0060897706488211 0.00394439878813115 0.00236911574325998 0.00129336787304645 0.000622315866693139 0.000260275268219065 9.57941703588248e-05 3.15077988433183e-05
0.659336781277414 0.677626425122195 0.723002369793908 0.792135642155029 0.884634560569913 1 0.881836598161552 0.774394645836001 0.68360510347428 0.60389374776011 0.535515247258495 0.477745246383748 0.427930678311705 0.385535682540405 0.348744533561597 0.316759420494597 0.289246314200851 0.265148093280294 0.24399085074759 0.225368002332372 0.209114590922104 0.194541047654683 0.181742001234241 0.155542041055801 0.131014149650704 0.109649333654344 0.0906636272518006 0.0747349149618269 0.0601518579570258 0.0473300629978732 0.0363081646226214 0.0269146468044218 0.0192814453550077 0.0140169054950687 0.0101234214548355 0.00698687134995352 0.0045594993565807 0.00276275680116226 0.00152410194848276 0.000742650962041087 0.000315310855385126 0.000118068797673872 3.95864584427474e-05
0.58290846667228 0.598906491779039 0.638620324951143 0.699193692267301 0.780371554423708 0.881836598161552 1 0.877830119188505 0.774353164717512 0.683326832697273 0.605120382855683 0.538969466971025 0.48188075830398 0.433269617131239 0.391073364491541 0.354388719609505 0.322839309947237 0.295216126679245 0.270977007270739 0.249655673358902 0.231061550549257 0.214403732107398 0.1997880825512 0.171340470686381 0.144706041208291 0.121441649661349 0.100707486990333 0.0832590635404418 0.0672332251066803 0.053092626821308 0.0408894502353549 0.0304440426889504 0.0219151476210626 0.0160179324913224 0.0116392864233961 0.00808901312510941 0.00532106845793425 0.00325458778040406 0.0018155226064025 0.000896634377749502 0.000386840513512038 0.000147540600257962 5.04898880959767e-05
0.513855562318539 0.527762082615944 0.56230006417082 0.615026525771235 0.685785503550239 0.774394645836001 0.877830119188505 1 0.88178914987366 0.777553089681458 0.687818542196648 0.611796371599538 0.54610960837046 0.490128710283571 0.441507883049027 0.399225336908318 0.36285958991993 0.331024303859963 0.303098467520537 0.278546365154273 0.257148184517841 0.237992594268177 0.221199573556714 0.190128605228898 0.161034104290497 0.135544606996809 0.112755857836303 0.0935157748990446 0.0757830481244615 0.0600762265668166 0.0464642340725494 0.0347584661619744 0.0251508063503212 0.0184901762078365 0.0135240124888691 0.00946926536949371 0.00628276292550691 0.00388174678492343 0.00219145505478572 0.00109807223683238 0.000481987854652469 0.000187500514020736 6.5591557611917e-05
0.455803971575057 0.467939264627926 0.498087875054443 0.544143104157683 0.606013068511192 0.68360510347428 0.774353164717512 0.88178914987366 1 0.881473413614533 0.779201962528961 0.692395120320135 0.617276895037858 0.553183720877746 0.497469901873135 0.448991249767009 0.407283049335407 0.370767271991307 0.338738825850293 0.31058735709294 0.286062455128054 0.264119888838207 0.244896350452668 0.210972273648129 0.179200497915785 0.151281807815312 0.126242636840192 0.105033425445308 0.0854179542870904 0.0679766401652829 0.052797641019472 0.0396831989967777 0.0288633502435705 0.0213433417254478 0.0157134281577661 0.0110846636842393 0.00741800621276732 0.00462958625428237 0.00264512461790664 0.00134470730942078 0.000600509634114116 0.000238271060907379 8.52054497654896e-05
